-1.742187500000000029e-03 -1.742187500000000029e-03 -1.742187500000000029e-03
-1.739062499999996687e-03 -1.739062499999996687e-03 -1.739062499999996687e-03
-1.735937499999995514e-03 -1.735937499999995514e-03 -1.735937499999995514e-03
-1.732812500000004531e-03 -1.732812500000004531e-03 -1.732812500000004531e-03
-1.729687500000003791e-03 -1.729687500000003791e-03 -1.729687500000003791e-03
-1.726562500000000016e-03 -1.726562500000000016e-03 -1.726562500000000016e-03
-1.723437499999996240e-03 -1.723437499999996240e-03 -1.723437499999996240e-03
-1.720312499999995500e-03 -1.720312499999995500e-03 -1.720312499999995500e-03
-1.717187500000004518e-03 -1.717187500000004518e-03 -1.717187500000004518e-03
-1.714062500000003778e-03 -1.714062500000003778e-03 -1.714062500000003778e-03
-1.710937500000000002e-03 -1.710937500000000002e-03 -1.710937500000000002e-03
-1.707812499999996226e-03 -1.707812499999996226e-03 -1.707812499999996226e-03
-1.704687499999995269e-03 -1.704687499999995269e-03 -1.704687499999995269e-03
-1.701562500000004504e-03 -1.701562500000004504e-03 -1.701562500000004504e-03
-1.698437500000003764e-03 -1.698437500000003764e-03 -1.698437500000003764e-03
-1.695312499999999988e-03 -1.695312499999999988e-03 -1.695312499999999988e-03
-1.692187499999996212e-03 -1.692187499999996212e-03 -1.692187499999996212e-03
-1.689062499999995472e-03 -1.689062499999995472e-03 -1.689062499999995472e-03
-1.685937500000004273e-03 -1.685937500000004273e-03 -1.685937500000004273e-03
-1.682812500000003750e-03 -1.682812500000003750e-03 -1.682812500000003750e-03
-1.679687499999999974e-03 -1.679687499999999974e-03 -1.679687499999999974e-03
-1.676562499999995981e-03 -1.676562499999995981e-03 -1.676562499999995981e-03
-1.673437499999995675e-03 -1.673437499999995675e-03 -1.673437499999995675e-03
-1.670312500000004259e-03 -1.670312500000004259e-03 -1.670312500000004259e-03
-1.667187500000003953e-03 -1.667187500000003953e-03 -1.667187500000003953e-03
-1.664062499999999960e-03 -1.664062499999999960e-03 -1.664062499999999960e-03
-1.660937499999995967e-03 -1.660937499999995967e-03 -1.660937499999995967e-03
-1.657812499999995878e-03 -1.657812499999995878e-03 -1.657812499999995878e-03
-1.654687500000004245e-03 -1.654687500000004245e-03 -1.654687500000004245e-03
-1.651562500000003939e-03 -1.651562500000003939e-03 -1.651562500000003939e-03
-1.648437499999999946e-03 -1.648437499999999946e-03 -1.648437499999999946e-03
-1.645312499999995954e-03 -1.645312499999995954e-03 -1.645312499999995954e-03
-1.642187499999995864e-03 -1.642187499999995864e-03 -1.642187499999995864e-03
-1.639062500000004231e-03 -1.639062500000004231e-03 -1.639062500000004231e-03
-1.635937500000003925e-03 -1.635937500000003925e-03 -1.635937500000003925e-03
-1.632812499999999932e-03 -1.632812499999999932e-03 -1.632812499999999932e-03
-1.629687499999995940e-03 -1.629687499999995940e-03 -1.629687499999995940e-03
-1.626562499999995850e-03 -1.626562499999995850e-03 -1.626562499999995850e-03
-1.623437500000004217e-03 -1.623437500000004217e-03 -1.623437500000004217e-03
-1.620312500000003911e-03 -1.620312500000003911e-03 -1.620312500000003911e-03
-1.617187499999999918e-03 -1.617187499999999918e-03 -1.617187499999999918e-03
-1.614062499999995926e-03 -1.614062499999995926e-03 -1.614062499999995926e-03
-1.610937499999995836e-03 -1.610937499999995836e-03 -1.610937499999995836e-03
-1.607812500000004204e-03 -1.607812500000004204e-03 -1.607812500000004204e-03
-1.604687500000003897e-03 -1.604687500000003897e-03 -1.604687500000003897e-03
-1.601562499999999905e-03 -1.601562499999999905e-03 -1.601562499999999905e-03
-1.598437499999996129e-03 -1.598437499999996129e-03 -1.598437499999996129e-03
-1.595312499999995822e-03 -1.595312499999995822e-03 -1.595312499999995822e-03
-1.592187500000004190e-03 -1.592187500000004190e-03 -1.592187500000004190e-03
-1.589062500000003883e-03 -1.589062500000003883e-03 -1.589062500000003883e-03
-1.585937500000000108e-03 -1.585937500000000108e-03 -1.585937500000000108e-03
-1.582812499999996115e-03 -1.582812499999996115e-03 -1.582812499999996115e-03
-1.579687499999995809e-03 -1.579687499999995809e-03 -1.579687499999995809e-03
-1.576562500000004176e-03 -1.576562500000004176e-03 -1.576562500000004176e-03
-1.573437500000003869e-03 -1.573437500000003869e-03 -1.573437500000003869e-03
-1.570312500000000094e-03 -1.570312500000000094e-03 -1.570312500000000094e-03
-1.567187499999996318e-03 -1.567187499999996318e-03 -1.567187499999996318e-03
-1.564062499999995795e-03 -1.564062499999995795e-03 -1.564062499999995795e-03
-1.560937500000004162e-03 -1.560937500000004162e-03 -1.560937500000004162e-03
-1.557812500000003856e-03 -1.557812500000003856e-03 -1.557812500000003856e-03
-1.554687500000000297e-03 -1.554687500000000297e-03 -1.554687500000000297e-03
-1.551562499999996304e-03 -1.551562499999996304e-03 -1.551562499999996304e-03
-1.548437499999995998e-03 -1.548437499999995998e-03 -1.548437499999995998e-03
-1.545312500000004148e-03 -1.545312500000004148e-03 -1.545312500000004148e-03
-1.542187500000003842e-03 -1.542187500000003842e-03 -1.542187500000003842e-03
-1.539062500000000283e-03 -1.539062500000000283e-03 -1.539062500000000283e-03
-1.535937499999996290e-03 -1.535937499999996290e-03 -1.535937499999996290e-03
-1.532812499999995984e-03 -1.532812499999995984e-03 -1.532812499999995984e-03
-1.529687500000004134e-03 -1.529687500000004134e-03 -1.529687500000004134e-03
-1.526562500000003828e-03 -1.526562500000003828e-03 -1.526562500000003828e-03
-1.523437500000000269e-03 -1.523437500000000269e-03 -1.523437500000000269e-03
-1.520312499999996493e-03 -1.520312499999996493e-03 -1.520312499999996493e-03
-1.517187499999995970e-03 -1.517187499999995970e-03 -1.517187499999995970e-03
-1.514062500000003903e-03 -1.514062500000003903e-03 -1.514062500000003903e-03
-1.510937500000003597e-03 -1.510937500000003597e-03 -1.510937500000003597e-03
-1.507812500000000255e-03 -1.507812500000000255e-03 -1.507812500000000255e-03
-1.504687499999996696e-03 -1.504687499999996696e-03 -1.504687499999996696e-03
-1.501562499999996173e-03 -1.501562499999996173e-03 -1.501562499999996173e-03
-1.498437500000003890e-03 -1.498437500000003890e-03 -1.498437500000003890e-03
-1.495312500000003583e-03 -1.495312500000003583e-03 -1.495312500000003583e-03
-1.492187500000000241e-03 -1.492187500000000241e-03 -1.492187500000000241e-03
-1.489062499999996682e-03 -1.489062499999996682e-03 -1.489062499999996682e-03
-1.485937499999996159e-03 -1.485937499999996159e-03 -1.485937499999996159e-03
-1.482812500000003876e-03 -1.482812500000003876e-03 -1.482812500000003876e-03
-1.479687500000003353e-03 -1.479687500000003353e-03 -1.479687500000003353e-03
-1.476562500000000227e-03 -1.476562500000000227e-03 -1.476562500000000227e-03
-1.473437499999996885e-03 -1.473437499999996885e-03 -1.473437499999996885e-03
-1.470312499999997229e-03 -1.470312499999997229e-03 -1.470312499999997229e-03
-1.467187500000003862e-03 -1.467187500000003862e-03 -1.467187500000003862e-03
-1.464062500000003339e-03 -1.464062500000003339e-03 -1.464062500000003339e-03
-1.460937500000000213e-03 -1.460937500000000213e-03 -1.460937500000000213e-03
-1.457812499999996871e-03 -1.457812499999996871e-03 -1.457812499999996871e-03
-1.454687499999997215e-03 -1.454687499999997215e-03 -1.454687499999997215e-03
-1.451562500000003848e-03 -1.451562500000003848e-03 -1.451562500000003848e-03
-1.448437500000003325e-03 -1.448437500000003325e-03 -1.448437500000003325e-03
-1.445312500000000199e-03 -1.445312500000000199e-03 -1.445312500000000199e-03
-1.442187499999997074e-03 -1.442187499999997074e-03 -1.442187499999997074e-03
-1.439062499999997202e-03 -1.439062499999997202e-03 -1.439062499999997202e-03
-1.435937500000003834e-03 -1.435937500000003834e-03 -1.435937500000003834e-03
-1.432812500000003094e-03 -1.432812500000003094e-03 -1.432812500000003094e-03
-1.429687500000000186e-03 -1.429687500000000186e-03 -1.429687500000000186e-03
-1.426562499999997060e-03 -1.426562499999997060e-03 -1.426562499999997060e-03
-1.423437499999997188e-03 -1.423437499999997188e-03 -1.423437499999997188e-03
-1.420312500000003820e-03 -1.420312500000003820e-03 -1.420312500000003820e-03
-1.417187500000003080e-03 -1.417187500000003080e-03 -1.417187500000003080e-03
-1.414062500000000172e-03 -1.414062500000000172e-03 -1.414062500000000172e-03
-1.410937499999997263e-03 -1.410937499999997263e-03 -1.410937499999997263e-03
-1.407812499999997391e-03 -1.407812499999997391e-03 -1.407812499999997391e-03
-1.404687500000003589e-03 -1.404687500000003589e-03 -1.404687500000003589e-03
-1.401562500000002849e-03 -1.401562500000002849e-03 -1.401562500000002849e-03
-1.398437500000000158e-03 -1.398437500000000158e-03 -1.398437500000000158e-03
-1.395312499999997249e-03 -1.395312499999997249e-03 -1.395312499999997249e-03
-1.392187499999997377e-03 -1.392187499999997377e-03 -1.392187499999997377e-03
-1.389062500000003359e-03 -1.389062500000003359e-03 -1.389062500000003359e-03
-1.385937500000002836e-03 -1.385937500000002836e-03 -1.385937500000002836e-03
-1.382812500000000144e-03 -1.382812500000000144e-03 -1.382812500000000144e-03
-1.379687499999997452e-03 -1.379687499999997452e-03 -1.379687499999997452e-03
-1.376562499999996712e-03 -1.376562499999996712e-03 -1.376562499999996712e-03
-1.373437500000003345e-03 -1.373437500000003345e-03 -1.373437500000003345e-03
-1.370312500000002605e-03 -1.370312500000002605e-03 -1.370312500000002605e-03
-1.367187500000000130e-03 -1.367187500000000130e-03 -1.367187500000000130e-03
-1.364062499999997439e-03 -1.364062499999997439e-03 -1.364062499999997439e-03
-1.360937499999996698e-03 -1.360937499999996698e-03 -1.360937499999996698e-03
-1.357812500000003114e-03 -1.357812500000003114e-03 -1.357812500000003114e-03
-1.354687500000002374e-03 -1.354687500000002374e-03 -1.354687500000002374e-03
-1.351562499999999899e-03 -1.351562499999999899e-03 -1.351562499999999899e-03
-1.348437499999997641e-03 -1.348437499999997641e-03 -1.348437499999997641e-03
-1.345312499999996901e-03 -1.345312499999996901e-03 -1.345312499999996901e-03
-1.342187500000003100e-03 -1.342187500000003100e-03 -1.342187500000003100e-03
-1.339062500000002360e-03 -1.339062500000002360e-03 -1.339062500000002360e-03
-1.335937500000000102e-03 -1.335937500000000102e-03 -1.335937500000000102e-03
-1.332812499999997628e-03 -1.332812499999997628e-03 -1.332812499999997628e-03
-1.329687499999996888e-03 -1.329687499999996888e-03 -1.329687499999996888e-03
-1.326562500000002436e-03 -1.326562500000002436e-03 -1.326562500000002436e-03
-1.323437500000002346e-03 -1.323437500000002346e-03 -1.323437500000002346e-03
-1.320312499999999872e-03 -1.320312499999999872e-03 -1.320312499999999872e-03
-1.317187499999997614e-03 -1.317187499999997614e-03 -1.317187499999997614e-03
-1.314062499999996874e-03 -1.314062499999996874e-03 -1.314062499999996874e-03
-1.310937500000002205e-03 -1.310937500000002205e-03 -1.310937500000002205e-03
-1.307812500000002116e-03 -1.307812500000002116e-03 -1.307812500000002116e-03
-1.304687499999999858e-03 -1.304687499999999858e-03 -1.304687499999999858e-03
-1.301562499999995865e-03 -1.301562499999995865e-03 -1.301562499999995865e-03
-1.298437499999997077e-03 -1.298437499999997077e-03 -1.298437499999997077e-03
-1.295312500000002191e-03 -1.295312500000002191e-03 -1.295312500000002191e-03
-1.292187500000002102e-03 -1.292187500000002102e-03 -1.292187500000002102e-03
-1.289062499999999627e-03 -1.289062499999999627e-03 -1.289062499999999627e-03
-1.285937499999996068e-03 -1.285937499999996068e-03 -1.285937499999996068e-03
-1.282812499999997280e-03 -1.282812499999997280e-03 -1.282812499999997280e-03
-1.279687500000001961e-03 -1.279687500000001961e-03 -1.279687500000001961e-03
-1.276562500000001437e-03 -1.276562500000001437e-03 -1.276562500000001437e-03
-1.273437499999999613e-03 -1.273437499999999613e-03 -1.273437499999999613e-03
-1.270312499999995621e-03 -1.270312499999995621e-03 -1.270312499999995621e-03
-1.267187499999997483e-03 -1.267187499999997483e-03 -1.267187499999997483e-03
-1.264062500000001296e-03 -1.264062500000001296e-03 -1.264062500000001296e-03
-1.260937500000001424e-03 -1.260937500000001424e-03 -1.260937500000001424e-03
-1.257812499999999599e-03 -1.257812499999999599e-03 -1.257812499999999599e-03
-1.254687499999995823e-03 -1.254687499999995823e-03 -1.254687499999995823e-03
-1.251562499999996818e-03 -1.251562499999996818e-03 -1.251562499999996818e-03
-1.248437500000001065e-03 -1.248437500000001065e-03 -1.248437500000001065e-03
-1.245312500000001410e-03 -1.245312500000001410e-03 -1.245312500000001410e-03
-1.242187499999999585e-03 -1.242187499999999585e-03 -1.242187499999999585e-03
-1.239062499999995810e-03 -1.239062499999995810e-03 -1.239062499999995810e-03
-1.235937499999996804e-03 -1.235937499999996804e-03 -1.235937499999996804e-03
-1.232812500000001052e-03 -1.232812500000001052e-03 -1.232812500000001052e-03
-1.229687500000001179e-03 -1.229687500000001179e-03 -1.229687500000001179e-03
-1.226562499999999138e-03 -1.226562499999999138e-03 -1.226562499999999138e-03
-1.223437499999996013e-03 -1.223437499999996013e-03 -1.223437499999996013e-03
-1.220312499999995706e-03 -1.220312499999995706e-03 -1.220312499999995706e-03
-1.217187500000000821e-03 -1.217187500000000821e-03 -1.217187500000000821e-03
-1.214062500000000948e-03 -1.214062500000000948e-03 -1.214062500000000948e-03
-1.210937499999999341e-03 -1.210937499999999341e-03 -1.210937499999999341e-03
-1.207812499999995999e-03 -1.207812499999995999e-03 -1.207812499999995999e-03
-1.204687499999995692e-03 -1.204687499999995692e-03 -1.204687499999995692e-03
-1.201562499999998639e-03 -1.201562499999998639e-03 -1.201562499999998639e-03
-1.198437500000000934e-03 -1.198437500000000934e-03 -1.198437500000000934e-03
-1.195312499999999327e-03 -1.195312499999999327e-03 -1.195312499999999327e-03
-1.192187499999996202e-03 -1.192187499999996202e-03 -1.192187499999996202e-03
-1.189062499999995678e-03 -1.189062499999995678e-03 -1.189062499999995678e-03
-1.185937499999998408e-03 -1.185937499999998408e-03 -1.185937499999998408e-03
-1.182812500000000920e-03 -1.182812500000000920e-03 -1.182812500000000920e-03
-1.179687499999999096e-03 -1.179687499999999096e-03 -1.179687499999999096e-03
-1.176562499999995754e-03 -1.176562499999995754e-03 -1.176562499999995754e-03
-1.173437499999995665e-03 -1.173437499999995665e-03 -1.173437499999995665e-03
-1.170312499999998394e-03 -1.170312499999998394e-03 -1.170312499999998394e-03
-1.167187500000000690e-03 -1.167187500000000690e-03 -1.167187500000000690e-03
-1.164062499999999082e-03 -1.164062499999999082e-03 -1.164062499999999082e-03
-1.160937499999995740e-03 -1.160937499999995740e-03 -1.160937499999995740e-03
-1.157812499999995434e-03 -1.157812499999995434e-03 -1.157812499999995434e-03
-1.154687499999998380e-03 -1.154687499999998380e-03 -1.154687499999998380e-03
-1.151562500000000676e-03 -1.151562500000000676e-03 -1.151562500000000676e-03
-1.148437499999999068e-03 -1.148437499999999068e-03 -1.148437499999999068e-03
-1.145312499999995943e-03 -1.145312499999995943e-03 -1.145312499999995943e-03
-1.142187499999995420e-03 -1.142187499999995420e-03 -1.142187499999995420e-03
-1.139062499999997933e-03 -1.139062499999997933e-03 -1.139062499999997933e-03
-1.135937500000000662e-03 -1.135937500000000662e-03 -1.135937500000000662e-03
-1.132812499999999055e-03 -1.132812499999999055e-03 -1.132812499999999055e-03
-1.129687499999995929e-03 -1.129687499999995929e-03 -1.129687499999995929e-03
-1.126562499999995189e-03 -1.126562499999995189e-03 -1.126562499999995189e-03
-1.123437499999997702e-03 -1.123437499999997702e-03 -1.123437499999997702e-03
-1.120312499999996311e-03 -1.120312499999996311e-03 -1.120312499999996311e-03
-1.117187499999999041e-03 -1.117187499999999041e-03 -1.117187499999999041e-03
-1.114062499999995915e-03 -1.114062499999995915e-03 -1.114062499999995915e-03
-1.110937499999995175e-03 -1.110937499999995175e-03 -1.110937499999995175e-03
-1.107812499999997471e-03 -1.107812499999997471e-03 -1.107812499999997471e-03
-1.104687499999996297e-03 -1.104687499999996297e-03 -1.104687499999996297e-03
-1.101562499999997943e-03 -1.101562499999997943e-03 -1.101562499999997943e-03
-1.098437499999996118e-03 -1.098437499999996118e-03 -1.098437499999996118e-03
-1.095312499999995162e-03 -1.095312499999995162e-03 -1.095312499999995162e-03
-1.092187499999997240e-03 -1.092187499999997240e-03 -1.092187499999997240e-03
-1.089062499999996067e-03 -1.089062499999996067e-03 -1.089062499999996067e-03
-1.085937499999997929e-03 -1.085937499999997929e-03 -1.085937499999997929e-03
-1.082812499999996105e-03 -1.082812499999996105e-03 -1.082812499999996105e-03
-1.079687499999995148e-03 -1.079687499999995148e-03 -1.079687499999995148e-03
-1.076562499999996793e-03 -1.076562499999996793e-03 -1.076562499999996793e-03
-1.073437499999996053e-03 -1.073437499999996053e-03 -1.073437499999996053e-03
-1.070312499999997264e-03 -1.070312499999997264e-03 -1.070312499999997264e-03
-1.067187499999996307e-03 -1.067187499999996307e-03 -1.067187499999996307e-03
-1.064062499999995134e-03 -1.064062499999995134e-03 -1.064062499999995134e-03
-1.060937499999996779e-03 -1.060937499999996779e-03 -1.060937499999996779e-03
-1.057812499999995822e-03 -1.057812499999995822e-03 -1.057812499999995822e-03
-1.054687499999997250e-03 -1.054687499999997250e-03 -1.054687499999997250e-03
-1.051562499999991957e-03 -1.051562499999991957e-03 -1.051562499999991957e-03
-1.048437499999995337e-03 -1.048437499999995337e-03 -1.048437499999995337e-03
-1.045312499999996548e-03 -1.045312499999996548e-03 -1.045312499999996548e-03
-1.042187499999995591e-03 -1.042187499999995591e-03 -1.042187499999995591e-03
-1.039062499999997453e-03 -1.039062499999997453e-03 -1.039062499999997453e-03
-1.035937499999991943e-03 -1.035937499999991943e-03 -1.035937499999991943e-03
-1.032812499999995323e-03 -1.032812499999995323e-03 -1.032812499999995323e-03
-1.029687499999996318e-03 -1.029687499999996318e-03 -1.029687499999996318e-03
-1.026562499999995361e-03 -1.026562499999995361e-03 -1.026562499999995361e-03
-1.023437499999997440e-03 -1.023437499999997440e-03 -1.023437499999997440e-03
-1.020312499999991929e-03 -1.020312499999991929e-03 -1.020312499999991929e-03
-1.017187499999995309e-03 -1.017187499999995309e-03 -1.017187499999995309e-03
-1.014062499999996087e-03 -1.014062499999996087e-03 -1.014062499999996087e-03
-1.010937499999995347e-03 -1.010937499999995347e-03 -1.010937499999995347e-03
-1.007812499999997426e-03 -1.007812499999997426e-03 -1.007812499999997426e-03
-1.004687499999991915e-03 -1.004687499999991915e-03 -1.004687499999991915e-03
-1.001562499999993777e-03 -1.001562499999993777e-03 -1.001562499999993777e-03
-9.984374999999958561e-04 -9.984374999999958561e-04 -9.984374999999958561e-04
-9.953124999999951161e-04 -9.953124999999951161e-04 -9.953124999999951161e-04
-9.921874999999974118e-04 -9.921874999999974118e-04 -9.921874999999974118e-04
-9.890624999999916844e-04 -9.890624999999916844e-04 -9.890624999999916844e-04
-9.859374999999937633e-04 -9.859374999999937633e-04 -9.859374999999937633e-04
-9.828124999999958422e-04 -9.828124999999958422e-04 -9.828124999999958422e-04
-9.796874999999948853e-04 -9.796874999999948853e-04 -9.796874999999948853e-04
-9.765624999999969642e-04 -9.765624999999969642e-04 -9.765624999999969642e-04
-9.734374999999916706e-04 -9.734374999999916706e-04 -9.734374999999916706e-04
-9.703124999999939663e-04 -9.703124999999939663e-04 -9.703124999999939663e-04
-9.671874999999956115e-04 -9.671874999999956115e-04 -9.671874999999956115e-04
-9.640624999999946546e-04 -9.640624999999946546e-04 -9.640624999999946546e-04
-9.609374999999969504e-04 -9.609374999999969504e-04 -9.609374999999969504e-04
-9.578124999999916567e-04 -9.578124999999916567e-04 -9.578124999999916567e-04
-9.546874999999939524e-04 -9.546874999999939524e-04 -9.546874999999939524e-04
-9.515624999999950555e-04 -9.515624999999950555e-04 -9.515624999999950555e-04
-9.484374999999946407e-04 -9.484374999999946407e-04 -9.484374999999946407e-04
-9.453124999999969365e-04 -9.453124999999969365e-04 -9.453124999999969365e-04
-9.421874999999914260e-04 -9.421874999999914260e-04 -9.421874999999914260e-04
-9.390624999999939385e-04 -9.390624999999939385e-04 -9.390624999999939385e-04
-9.359374999999950416e-04 -9.359374999999950416e-04 -9.359374999999950416e-04
-9.328124999999945184e-04 -9.328124999999945184e-04 -9.328124999999945184e-04
-9.296874999999969226e-04 -9.296874999999969226e-04 -9.296874999999969226e-04
-9.265624999999913037e-04 -9.265624999999913037e-04 -9.265624999999913037e-04
-9.234374999999941415e-04 -9.234374999999941415e-04 -9.234374999999941415e-04
-9.203124999999935099e-04 -9.203124999999935099e-04 -9.203124999999935099e-04
-9.171874999999945046e-04 -9.171874999999945046e-04 -9.171874999999945046e-04
-9.140624999999970171e-04 -9.140624999999970171e-04 -9.140624999999970171e-04
-9.109374999999912898e-04 -9.109374999999912898e-04 -9.109374999999912898e-04
-9.078124999999941276e-04 -9.078124999999941276e-04 -9.078124999999941276e-04
-9.046874999999937128e-04 -9.046874999999937128e-04 -9.046874999999937128e-04
-9.015624999999935149e-04 -9.015624999999935149e-04 -9.015624999999935149e-04
-8.984374999999970033e-04 -8.984374999999970033e-04 -8.984374999999970033e-04
-8.953124999999910591e-04 -8.953124999999910591e-04 -8.953124999999910591e-04
-8.921874999999938969e-04 -8.921874999999938969e-04 -8.921874999999938969e-04
-8.890624999999936990e-04 -8.890624999999936990e-04 -8.890624999999936990e-04
-8.859374999999933926e-04 -8.859374999999933926e-04 -8.859374999999933926e-04
-8.828124999999969894e-04 -8.828124999999969894e-04 -8.828124999999969894e-04
-8.796874999999910452e-04 -8.796874999999910452e-04 -8.796874999999910452e-04
-8.765624999999940999e-04 -8.765624999999940999e-04 -8.765624999999940999e-04
-8.734374999999939019e-04 -8.734374999999939019e-04 -8.734374999999939019e-04
-8.703124999999924030e-04 -8.703124999999924030e-04 -8.703124999999924030e-04
-8.671874999999969755e-04 -8.671874999999969755e-04 -8.671874999999969755e-04
-8.640624999999909229e-04 -8.640624999999909229e-04 -8.640624999999909229e-04
-8.609374999999943028e-04 -8.609374999999943028e-04 -8.609374999999943028e-04
-8.578124999999938880e-04 -8.578124999999938880e-04 -8.578124999999938880e-04
-8.546874999999922807e-04 -8.546874999999922807e-04 -8.546874999999922807e-04
-8.515624999999936006e-04 -8.515624999999936006e-04 -8.515624999999936006e-04
-8.484374999999909090e-04 -8.484374999999909090e-04 -8.484374999999909090e-04
-8.453124999999943974e-04 -8.453124999999943974e-04 -8.453124999999943974e-04
-8.421874999999940910e-04 -8.421874999999940910e-04 -8.421874999999940910e-04
-8.390624999999921584e-04 -8.390624999999921584e-04 -8.390624999999921584e-04
-8.359374999999936951e-04 -8.359374999999936951e-04 -8.359374999999936951e-04
-8.328124999999908951e-04 -8.328124999999908951e-04 -8.328124999999908951e-04
-8.296874999999944919e-04 -8.296874999999944919e-04 -8.296874999999944919e-04
-8.265624999999938603e-04 -8.265624999999938603e-04 -8.265624999999938603e-04
-8.234374999999921445e-04 -8.234374999999921445e-04 -8.234374999999921445e-04
-8.203124999999916213e-04 -8.203124999999916213e-04 -8.203124999999916213e-04
-8.171874999999902307e-04 -8.171874999999902307e-04 -8.171874999999902307e-04
-8.140624999999944780e-04 -8.140624999999944780e-04 -8.140624999999944780e-04
-8.109374999999938464e-04 -8.109374999999938464e-04 -8.109374999999938464e-04
-8.078124999999918053e-04 -8.078124999999918053e-04 -8.078124999999918053e-04
-8.046874999999916074e-04 -8.046874999999916074e-04 -8.046874999999916074e-04
-8.015624999999894579e-04 -8.015624999999894579e-04 -8.015624999999894579e-04
-7.984374999999945726e-04 -7.984374999999945726e-04 -7.984374999999945726e-04
-7.953124999999936157e-04 -7.953124999999936157e-04 -7.953124999999936157e-04
-7.921874999999917915e-04 -7.921874999999917915e-04 -7.921874999999917915e-04
-7.890624999999914851e-04 -7.890624999999914851e-04 -7.890624999999914851e-04
-7.859374999999893356e-04 -7.859374999999893356e-04 -7.859374999999893356e-04
-7.828124999999946671e-04 -7.828124999999946671e-04 -7.828124999999946671e-04
-7.796874999999936018e-04 -7.796874999999936018e-04 -7.796874999999936018e-04
-7.765624999999914523e-04 -7.765624999999914523e-04 -7.765624999999914523e-04
-7.734374999999914712e-04 -7.734374999999914712e-04 -7.734374999999914712e-04
-7.703124999999893217e-04 -7.703124999999893217e-04 -7.703124999999893217e-04
-7.671874999999903164e-04 -7.671874999999903164e-04 -7.671874999999903164e-04
-7.640624999999936964e-04 -7.640624999999936964e-04 -7.640624999999936964e-04
-7.609374999999913300e-04 -7.609374999999913300e-04 -7.609374999999913300e-04
-7.578124999999914574e-04 -7.578124999999914574e-04 -7.578124999999914574e-04
-7.546874999999893079e-04 -7.546874999999893079e-04 -7.546874999999893079e-04
-7.515624999999882426e-04 -7.515624999999882426e-04 -7.515624999999882426e-04
-7.484374999999936825e-04 -7.484374999999936825e-04 -7.484374999999936825e-04
-7.453124999999914246e-04 -7.453124999999914246e-04 -7.453124999999914246e-04
-7.421874999999916603e-04 -7.421874999999916603e-04 -7.421874999999916603e-04
-7.390624999999892940e-04 -7.390624999999892940e-04 -7.390624999999892940e-04
-7.359374999999882287e-04 -7.359374999999882287e-04 -7.359374999999882287e-04
-7.328124999999936686e-04 -7.328124999999936686e-04 -7.328124999999936686e-04
-7.296874999999913023e-04 -7.296874999999913023e-04 -7.296874999999913023e-04
-7.265624999999916464e-04 -7.265624999999916464e-04 -7.265624999999916464e-04
-7.234374999999892801e-04 -7.234374999999892801e-04 -7.234374999999892801e-04
-7.203124999999881064e-04 -7.203124999999881064e-04 -7.203124999999881064e-04
-7.171874999999935463e-04 -7.171874999999935463e-04 -7.171874999999935463e-04
-7.140624999999910716e-04 -7.140624999999910716e-04 -7.140624999999910716e-04
-7.109374999999915241e-04 -7.109374999999915241e-04 -7.109374999999915241e-04
-7.078124999999891578e-04 -7.078124999999891578e-04 -7.078124999999891578e-04
-7.046874999999879841e-04 -7.046874999999879841e-04 -7.046874999999879841e-04
-7.015624999999935324e-04 -7.015624999999935324e-04 -7.015624999999935324e-04
-6.984374999999910577e-04 -6.984374999999910577e-04 -6.984374999999910577e-04
-6.953124999999915103e-04 -6.953124999999915103e-04 -6.953124999999915103e-04
-6.921874999999892523e-04 -6.921874999999892523e-04 -6.921874999999892523e-04
-6.890624999999878618e-04 -6.890624999999878618e-04 -6.890624999999878618e-04
-6.859374999999927596e-04 -6.859374999999927596e-04 -6.859374999999927596e-04
-6.828124999999910438e-04 -6.828124999999910438e-04 -6.828124999999910438e-04
-6.796874999999913880e-04 -6.796874999999913880e-04 -6.796874999999913880e-04
-6.765624999999888048e-04 -6.765624999999888048e-04 -6.765624999999888048e-04
-6.734374999999878479e-04 -6.734374999999878479e-04 -6.734374999999878479e-04
-6.703124999999927457e-04 -6.703124999999927457e-04 -6.703124999999927457e-04
-6.671874999999911383e-04 -6.671874999999911383e-04 -6.671874999999911383e-04
-6.640624999999913741e-04 -6.640624999999913741e-04 -6.640624999999913741e-04
-6.609374999999887909e-04 -6.609374999999887909e-04 -6.609374999999887909e-04
-6.578124999999877256e-04 -6.578124999999877256e-04 -6.578124999999877256e-04
-6.546874999999929487e-04 -6.546874999999929487e-04 -6.546874999999929487e-04
-6.515624999999909076e-04 -6.515624999999909076e-04 -6.515624999999909076e-04
-6.484374999999916855e-04 -6.484374999999916855e-04 -6.484374999999916855e-04
-6.453124999999893191e-04 -6.453124999999893191e-04 -6.453124999999893191e-04
-6.421874999999878202e-04 -6.421874999999878202e-04 -6.421874999999878202e-04
-6.390624999999936938e-04 -6.390624999999936938e-04 -6.390624999999936938e-04
-6.359374999999911106e-04 -6.359374999999911106e-04 -6.359374999999911106e-04
-6.328124999999919969e-04 -6.328124999999919969e-04 -6.328124999999919969e-04
-6.296874999999894137e-04 -6.296874999999894137e-04 -6.296874999999894137e-04
-6.265624999999951789e-04 -6.265624999999951789e-04 -6.265624999999951789e-04
-6.234374999999938967e-04 -6.234374999999938967e-04 -6.234374999999938967e-04
-6.203124999999914220e-04 -6.203124999999914220e-04 -6.203124999999914220e-04
-6.171874999999945851e-04 -6.171874999999945851e-04 -6.171874999999945851e-04
-6.140624999999907008e-04 -6.140624999999907008e-04 -6.140624999999907008e-04
-6.109374999999952734e-04 -6.109374999999952734e-04 -6.109374999999952734e-04
-6.078124999999940997e-04 -6.078124999999940997e-04 -6.078124999999940997e-04
-6.046874999999921670e-04 -6.046874999999921670e-04 -6.046874999999921670e-04
-6.015624999999973901e-04 -6.015624999999973901e-04 -6.015624999999973901e-04
-5.984374999999909038e-04 -5.984374999999909038e-04 -5.984374999999909038e-04
-5.953124999999956932e-04 -5.953124999999956932e-04 -5.953124999999956932e-04
-5.921874999999941942e-04 -5.921874999999941942e-04 -5.921874999999941942e-04
-5.890624999999928037e-04 -5.890624999999928037e-04 -5.890624999999928037e-04
-5.859374999999974847e-04 -5.859374999999974847e-04 -5.859374999999974847e-04
-5.828124999999912152e-04 -5.828124999999912152e-04 -5.828124999999912152e-04
-5.796874999999957877e-04 -5.796874999999957877e-04 -5.796874999999957877e-04
-5.765624999999945056e-04 -5.765624999999945056e-04 -5.765624999999945056e-04
-5.734374999999930066e-04 -5.734374999999930066e-04 -5.734374999999930066e-04
-5.703124999999979045e-04 -5.703124999999979045e-04 -5.703124999999979045e-04
-5.671874999999913097e-04 -5.671874999999913097e-04 -5.671874999999913097e-04
-5.640624999999972917e-04 -5.640624999999972917e-04 -5.640624999999972917e-04
-5.609374999999944917e-04 -5.609374999999944917e-04 -5.609374999999944917e-04
-5.578124999999932096e-04 -5.578124999999932096e-04 -5.578124999999932096e-04
-5.546874999999986495e-04 -5.546874999999986495e-04 -5.546874999999986495e-04
-5.515624999999965000e-04 -5.515624999999965000e-04 -5.515624999999965000e-04
-5.484374999999974947e-04 -5.484374999999974947e-04 -5.484374999999974947e-04
-5.453124999999950200e-04 -5.453124999999950200e-04 -5.453124999999950200e-04
-5.421874999999967736e-04 -5.421874999999967736e-04 -5.421874999999967736e-04
-5.390624999999992862e-04 -5.390624999999992862e-04 -5.390624999999992862e-04
-5.359374999999965946e-04 -5.359374999999965946e-04 -5.359374999999965946e-04
-5.328124999999978061e-04 -5.328124999999978061e-04 -5.328124999999978061e-04
-5.296874999999951145e-04 -5.296874999999951145e-04 -5.296874999999951145e-04
-5.265625000000010965e-04 -5.265625000000010965e-04 -5.265625000000010965e-04
-5.234374999999995975e-04 -5.234374999999995975e-04 -5.234374999999995975e-04
-5.203124999999970144e-04 -5.203124999999970144e-04 -5.203124999999970144e-04
-5.171875000000006111e-04 -5.171875000000006111e-04 -5.171875000000006111e-04
-5.140624999999962932e-04 -5.140624999999962932e-04 -5.140624999999962932e-04
-5.109375000000011911e-04 -5.109375000000011911e-04 -5.109375000000011911e-04
-5.078124999999998005e-04 -5.078124999999998005e-04 -5.078124999999998005e-04
-5.046874999999977594e-04 -5.046874999999977594e-04 -5.046874999999977594e-04
-5.015625000000030909e-04 -5.015625000000030909e-04 -5.015625000000030909e-04
-4.984374999999967130e-04 -4.984374999999967130e-04 -4.984374999999967130e-04
-4.953125000000016109e-04 -4.953125000000016109e-04 -4.953125000000016109e-04
-4.921874999999998950e-04 -4.921874999999998950e-04 -4.921874999999998950e-04
-4.890624999999982877e-04 -4.890624999999982877e-04 -4.890624999999982877e-04
-4.859375000000032397e-04 -4.859375000000032397e-04 -4.859375000000032397e-04
-4.828124999999967534e-04 -4.828124999999967534e-04 -4.828124999999967534e-04
-4.796875000000017054e-04 -4.796875000000017054e-04 -4.796875000000017054e-04
-4.765625000000002064e-04 -4.765625000000002064e-04 -4.765625000000002064e-04
-4.734374999999985990e-04 -4.734374999999985990e-04 -4.734374999999985990e-04
-4.703125000000037137e-04 -4.703125000000037137e-04 -4.703125000000037137e-04
-4.671874999999969563e-04 -4.671874999999969563e-04 -4.671874999999969563e-04
-4.640625000000030468e-04 -4.640625000000030468e-04 -4.640625000000030468e-04
-4.609375000000001926e-04 -4.609375000000001926e-04 -4.609375000000001926e-04
-4.578124999999987478e-04 -4.578124999999987478e-04 -4.578124999999987478e-04
-4.546875000000043503e-04 -4.546875000000043503e-04 -4.546875000000043503e-04
-4.515625000000020924e-04 -4.515625000000020924e-04 -4.515625000000020924e-04
-4.484375000000034124e-04 -4.484375000000034124e-04 -4.484375000000034124e-04
-4.453125000000006666e-04 -4.453125000000006666e-04 -4.453125000000006666e-04
-4.421874999999990592e-04 -4.421874999999990592e-04 -4.421874999999990592e-04
-4.390625000000050412e-04 -4.390625000000050412e-04 -4.390625000000050412e-04
-4.359375000000020785e-04 -4.359375000000020785e-04 -4.359375000000020785e-04
-4.328125000000036153e-04 -4.328125000000036153e-04 -4.328125000000036153e-04
-4.296875000000006527e-04 -4.296875000000006527e-04 -4.296875000000006527e-04
-4.265625000000069058e-04 -4.265625000000069058e-04 -4.265625000000069058e-04
-4.234375000000052984e-04 -4.234375000000052984e-04 -4.234375000000052984e-04
-4.203125000000023899e-04 -4.203125000000023899e-04 -4.203125000000023899e-04
-4.171875000000065288e-04 -4.171875000000065288e-04 -4.171875000000065288e-04
-4.140625000000019399e-04 -4.140625000000019399e-04 -4.140625000000019399e-04
-4.109375000000071629e-04 -4.109375000000071629e-04 -4.109375000000071629e-04
-4.078125000000055555e-04 -4.078125000000055555e-04 -4.078125000000055555e-04
-4.046875000000031892e-04 -4.046875000000031892e-04 -4.046875000000031892e-04
-4.015625000000087918e-04 -4.015625000000087918e-04 -4.015625000000087918e-04
-3.984375000000022512e-04 -3.984375000000022512e-04 -3.984375000000022512e-04
-3.953125000000076369e-04 -3.953125000000076369e-04 -3.953125000000076369e-04
-3.921875000000055959e-04 -3.921875000000055959e-04 -3.921875000000055959e-04
-3.890625000000036090e-04 -3.890625000000036090e-04 -3.890625000000036090e-04
-3.859375000000089947e-04 -3.859375000000089947e-04 -3.859375000000089947e-04
-3.828125000000024542e-04 -3.828125000000024542e-04 -3.828125000000024542e-04
-3.796875000000078399e-04 -3.796875000000078399e-04 -3.796875000000078399e-04
-3.765625000000058530e-04 -3.765625000000058530e-04 -3.765625000000058530e-04
-3.734375000000038120e-04 -3.734375000000038120e-04 -3.734375000000038120e-04
-3.703125000000093061e-04 -3.703125000000093061e-04 -3.703125000000093061e-04
-3.671875000000026572e-04 -3.671875000000026572e-04 -3.671875000000026572e-04
-3.640625000000092897e-04 -3.640625000000092897e-04 -3.640625000000092897e-04
-3.609375000000058934e-04 -3.609375000000058934e-04 -3.609375000000058934e-04
-3.578125000000039065e-04 -3.578125000000039065e-04 -3.578125000000039065e-04
-3.546875000000101596e-04 -3.546875000000101596e-04 -3.546875000000101596e-04
-3.515625000000071969e-04 -3.515625000000071969e-04 -3.515625000000071969e-04
-3.484375000000096011e-04 -3.484375000000096011e-04 -3.484375000000096011e-04
-3.453125000000063132e-04 -3.453125000000063132e-04 -3.453125000000063132e-04
-3.421875000000074163e-04 -3.421875000000074163e-04 -3.421875000000074163e-04
-3.390625000000106878e-04 -3.390625000000106878e-04 -3.390625000000106878e-04
-3.359375000000071831e-04 -3.359375000000071831e-04 -3.359375000000071831e-04
-3.328125000000099667e-04 -3.328125000000099667e-04 -3.328125000000099667e-04
-3.296875000000063535e-04 -3.296875000000063535e-04 -3.296875000000063535e-04
-3.265625000000133113e-04 -3.265625000000133113e-04 -3.265625000000133113e-04
-3.234375000000109992e-04 -3.234375000000109992e-04 -3.234375000000109992e-04
-3.203125000000074402e-04 -3.203125000000074402e-04 -3.203125000000074402e-04
-3.171875000000123380e-04 -3.171875000000123380e-04 -3.171875000000123380e-04
-3.140625000000076949e-04 -3.140625000000076949e-04 -3.140625000000076949e-04
-3.109375000000135685e-04 -3.109375000000135685e-04 -3.109375000000135685e-04
-3.078125000000112022e-04 -3.078125000000112022e-04 -3.078125000000112022e-04
-3.046875000000081311e-04 -3.046875000000081311e-04 -3.046875000000081311e-04
-3.015625000000145468e-04 -3.015625000000145468e-04 -3.015625000000145468e-04
-2.984375000000079521e-04 -2.984375000000079521e-04 -2.984375000000079521e-04
-2.953125000000140425e-04 -2.953125000000140425e-04 -2.953125000000140425e-04
-2.921875000000112967e-04 -2.921875000000112967e-04 -2.921875000000112967e-04
-2.890625000000085509e-04 -2.890625000000085509e-04 -2.890625000000085509e-04
-2.859375000000146955e-04 -2.859375000000146955e-04 -2.859375000000146955e-04
-2.828125000000081008e-04 -2.828125000000081008e-04 -2.828125000000081008e-04
-2.796875000000142455e-04 -2.796875000000142455e-04 -2.796875000000142455e-04
-2.765625000000114997e-04 -2.765625000000114997e-04 -2.765625000000114997e-04
-2.734375000000088623e-04 -2.734375000000088623e-04 -2.734375000000088623e-04
-2.703125000000150069e-04 -2.703125000000150069e-04 -2.703125000000150069e-04
-2.671875000000082496e-04 -2.671875000000082496e-04 -2.671875000000082496e-04
-2.640625000000156953e-04 -2.640625000000156953e-04 -2.640625000000156953e-04
-2.609375000000115400e-04 -2.609375000000115400e-04 -2.609375000000115400e-04
-2.578125000000087942e-04 -2.578125000000087942e-04 -2.578125000000087942e-04
-2.546875000000150473e-04 -2.546875000000150473e-04 -2.546875000000150473e-04
-2.515625000000120846e-04 -2.515625000000120846e-04 -2.515625000000120846e-04
-2.484375000000158982e-04 -2.484375000000158982e-04 -2.484375000000158982e-04
-2.453125000000119056e-04 -2.453125000000119056e-04 -2.453125000000119056e-04
-2.421875000000087532e-04 -2.421875000000087532e-04 -2.421875000000087532e-04
-2.390625000000163886e-04 -2.390625000000163886e-04 -2.390625000000163886e-04
-2.359375000000120436e-04 -2.359375000000120436e-04 -2.359375000000120436e-04
-2.328125000000163993e-04 -2.328125000000163993e-04 -2.328125000000163993e-04
-2.296875000000120272e-04 -2.296875000000120272e-04 -2.296875000000120272e-04
-2.265625000000197440e-04 -2.265625000000197440e-04 -2.265625000000197440e-04
-2.234375000000165374e-04 -2.234375000000165374e-04 -2.234375000000165374e-04
-2.203125000000123550e-04 -2.203125000000123550e-04 -2.203125000000123550e-04
-2.171875000000165210e-04 -2.171875000000165210e-04 -2.171875000000165210e-04
-2.140625000000133144e-04 -2.140625000000133144e-04 -2.140625000000133144e-04
-2.109375000000200011e-04 -2.109375000000200011e-04 -2.109375000000200011e-04
-2.078125000000168759e-04 -2.078125000000168759e-04 -2.078125000000168759e-04
-2.046875000000123953e-04 -2.046875000000123953e-04 -2.046875000000123953e-04
-2.015625000000202747e-04 -2.015625000000202747e-04 -2.015625000000202747e-04
-1.984375000000134360e-04 -1.984375000000134360e-04 -1.984375000000134360e-04
-1.953125000000204481e-04 -1.953125000000204481e-04 -1.953125000000204481e-04
-1.921875000000169433e-04 -1.921875000000169433e-04 -1.921875000000169433e-04
-1.890625000000135470e-04 -1.890625000000135470e-04 -1.890625000000135470e-04
-1.859375000000203964e-04 -1.859375000000203964e-04 -1.859375000000203964e-04
-1.828125000000137203e-04 -1.828125000000137203e-04 -1.828125000000137203e-04
-1.796875000000207052e-04 -1.796875000000207052e-04 -1.796875000000207052e-04
-1.765625000000171734e-04 -1.765625000000171734e-04 -1.765625000000171734e-04
-1.734375000000135331e-04 -1.734375000000135331e-04 -1.734375000000135331e-04
-1.703125000000208704e-04 -1.703125000000208704e-04 -1.703125000000208704e-04
-1.671875000000137064e-04 -1.671875000000137064e-04 -1.671875000000137064e-04
-1.640625000000219382e-04 -1.640625000000219382e-04 -1.640625000000219382e-04
-1.609375000000172408e-04 -1.609375000000172408e-04 -1.609375000000172408e-04
-1.578125000000136819e-04 -1.578125000000136819e-04 -1.578125000000136819e-04
-1.546875000000209920e-04 -1.546875000000209920e-04 -1.546875000000209920e-04
-1.515625000000172162e-04 -1.515625000000172162e-04 -1.515625000000172162e-04
-1.484375000000220869e-04 -1.484375000000220869e-04 -1.484375000000220869e-04
-1.453125000000175793e-04 -1.453125000000175793e-04 -1.453125000000175793e-04
-1.421875000000137493e-04 -1.421875000000137493e-04 -1.421875000000137493e-04
-1.390625000000220623e-04 -1.390625000000220623e-04 -1.390625000000220623e-04
-1.359375000000172294e-04 -1.359375000000172294e-04 -1.359375000000172294e-04
-1.328125000000225609e-04 -1.328125000000225609e-04 -1.328125000000225609e-04
-1.296875000000177280e-04 -1.296875000000177280e-04 -1.296875000000177280e-04
-1.265625000000262308e-04 -1.265625000000262308e-04 -1.265625000000262308e-04
-1.234375000000222111e-04 -1.234375000000222111e-04 -1.234375000000222111e-04
-1.203125000000175679e-04 -1.203125000000175679e-04 -1.203125000000175679e-04
-1.171875000000226690e-04 -1.171875000000226690e-04 -1.171875000000226690e-04
-1.140625000000186900e-04 -1.140625000000186900e-04 -1.140625000000186900e-04
-1.109375000000263389e-04 -1.109375000000263389e-04 -1.109375000000263389e-04
-1.078125000000225496e-04 -1.078125000000225496e-04 -1.078125000000225496e-04
-1.046875000000176896e-04 -1.046875000000176896e-04 -1.046875000000176896e-04
-1.015625000000262601e-04 -1.015625000000262601e-04 -1.015625000000262601e-04
-9.843750000001871673e-05 -9.843750000001871673e-05 -9.843750000001871673e-05
-9.531250000002684005e-05 -9.531250000002684005e-05 -9.531250000002684005e-05
-9.218750000002263057e-05 -9.218750000002263057e-05 -9.218750000002263057e-05
-8.906250000001843465e-05 -8.906250000001843465e-05 -8.906250000001843465e-05
-8.593750000002647665e-05 -8.593750000002647665e-05 -8.593750000002647665e-05
-8.281250000001898746e-05 -8.281250000001898746e-05 -8.281250000001898746e-05
-7.968750000002707012e-05 -7.968750000002707012e-05 -7.968750000002707012e-05
-7.656250000002286064e-05 -7.656250000002286064e-05 -7.656250000002286064e-05
-7.343750000001844787e-05 -7.343750000001844787e-05 -7.343750000001844787e-05
-7.031250000002682869e-05 -7.031250000002682869e-05 -7.031250000002682869e-05
-6.718750000001909555e-05 -6.718750000001909555e-05 -6.718750000001909555e-05
-6.406250000002807268e-05 -6.406250000002807268e-05 -6.406250000002807268e-05
-6.093750000002294163e-05 -6.093750000002294163e-05 -6.093750000002294163e-05
-5.781250000001863051e-05 -5.781250000001863051e-05 -5.781250000001863051e-05
-5.468750000002699777e-05 -5.468750000002699777e-05 -5.468750000002699777e-05
-5.156250000002255112e-05 -5.156250000002255112e-05 -5.156250000002255112e-05
-4.843750000002830953e-05 -4.843750000002830953e-05 -4.843750000002830953e-05
-4.531250000002315815e-05 -4.531250000002315815e-05 -4.531250000002315815e-05
-4.218750000001860985e-05 -4.218750000001860985e-05 -4.218750000001860985e-05
-3.906250000002786481e-05 -3.906250000002786481e-05 -3.906250000002786481e-05
-3.593750000002261178e-05 -3.593750000002261178e-05 -3.593750000002261178e-05
-3.281250000002868867e-05 -3.281250000002868867e-05 -3.281250000002868867e-05
-2.968750000002339499e-05 -2.968750000002339499e-05 -2.968750000002339499e-05
-2.656250000003256863e-05 -2.656250000003256863e-05 -2.656250000003256863e-05
-2.343750000002775606e-05 -2.343750000002775606e-05 -2.343750000002775606e-05
-2.031250000002308241e-05 -2.031250000002308241e-05 -2.031250000002308241e-05
-1.718750000002879677e-05 -1.718750000002879677e-05 -1.718750000002879677e-05
-1.406250000002418749e-05 -1.406250000002418749e-05 -1.406250000002418749e-05
-1.093750000003251071e-05 -1.093750000003251071e-05 -1.093750000003251071e-05
-7.812500000027803172e-06 -7.812500000027803172e-06 -7.812500000027803172e-06
-4.687500000023162552e-06 -4.687500000023162552e-06 -4.687500000023162552e-06
-1.562500000032295747e-06 -1.562500000032295747e-06 -1.562500000032295747e-06
1.562499999975800767e-06 1.562499999975800767e-06 1.562499999975800767e-06
4.687499999967381198e-06 4.687499999967381198e-06 4.687499999967381198e-06
7.812499999972241199e-06 7.812499999972241199e-06 7.812499999972241199e-06
1.093749999997570190e-05 1.093749999997570190e-05 1.093749999997570190e-05
1.406249999996762940e-05 1.406249999996762940e-05 1.406249999996762940e-05
1.718749999997552178e-05 1.718749999997552178e-05 1.718749999997552178e-05
2.031249999996736119e-05 2.031249999996736119e-05 2.031249999996736119e-05
2.343749999997053391e-05 2.343749999997053391e-05 2.343749999997053391e-05
2.656249999997551588e-05 2.656249999997551588e-05 2.656249999997551588e-05
2.968749999996729769e-05 2.968749999996729769e-05 2.968749999996729769e-05
3.281249999997555599e-05 3.281249999997555599e-05 3.281249999997555599e-05
3.593749999996684991e-05 3.593749999996684991e-05 3.593749999996684991e-05
3.906249999997023269e-05 3.906249999997023269e-05 3.906249999997023269e-05
4.218749999997518756e-05 4.218749999997518756e-05 4.218749999997518756e-05
4.531249999996723364e-05 4.531249999996723364e-05 4.531249999996723364e-05
4.843749999997214785e-05 4.843749999997214785e-05 4.843749999997214785e-05
5.156249999996688412e-05 5.156249999996688412e-05 5.156249999996688412e-05
5.468749999996975190e-05 5.468749999996975190e-05 5.468749999996975190e-05
5.781249999997508624e-05 5.781249999997508624e-05 5.781249999997508624e-05
6.093749999996619042e-05 6.093749999996619042e-05 6.093749999996619042e-05
6.406249999997216851e-05 6.406249999997216851e-05 6.406249999997216851e-05
6.718749999996691832e-05 6.718749999996691832e-05 6.718749999996691832e-05
7.031249999996969124e-05 7.031249999996969124e-05 7.031249999996969124e-05
7.343749999996097161e-05 7.343749999996097161e-05 7.343749999996097161e-05
7.656249999996615687e-05 7.656249999996615687e-05 7.656249999996615687e-05
7.968749999997215528e-05 7.968749999997215528e-05 7.968749999997215528e-05
8.281249999996698641e-05 8.281249999996698641e-05 8.281249999996698641e-05
8.593749999996859381e-05 8.593749999996859381e-05 8.593749999996859381e-05
8.906249999996068733e-05 8.906249999996068733e-05 8.906249999996068733e-05
9.218749999996608943e-05 9.218749999996608943e-05 9.218749999996608943e-05
9.531249999997220982e-05 9.531249999997220982e-05 9.531249999997220982e-05
9.843749999996373413e-05 9.843749999996373413e-05 9.843749999996373413e-05
1.015624999999682553e-04 1.015624999999682553e-04 1.015624999999682553e-04
1.046874999999605250e-04 1.046874999999605250e-04 1.046874999999605250e-04
1.078124999999660898e-04 1.078124999999660898e-04 1.078124999999660898e-04
1.109374999999712479e-04 1.109374999999712479e-04 1.109374999999712479e-04
1.140624999999637887e-04 1.140624999999637887e-04 1.140624999999637887e-04
1.171874999999679304e-04 1.171874999999679304e-04 1.171874999999679304e-04
1.203124999999602543e-04 1.203124999999602543e-04 1.203124999999602543e-04
1.234374999999656971e-04 1.234374999999656971e-04 1.234374999999656971e-04
1.265624999999715871e-04 1.265624999999715871e-04 1.265624999999715871e-04
1.296874999999638974e-04 1.296874999999638974e-04 1.296874999999638974e-04
1.328124999999677003e-04 1.328124999999677003e-04 1.328124999999677003e-04
1.359374999999594415e-04 1.359374999999594415e-04 1.359374999999594415e-04
1.390624999999657109e-04 1.390624999999657109e-04 1.390624999999657109e-04
1.421874999999714925e-04 1.421874999999714925e-04 1.421874999999714925e-04
1.453124999999641281e-04 1.453124999999641281e-04 1.453124999999641281e-04
1.484374999999639737e-04 1.484374999999639737e-04 1.484374999999639737e-04
1.515624999999593469e-04 1.515624999999593469e-04 1.515624999999593469e-04
1.546874999999656977e-04 1.546874999999656977e-04 1.546874999999656977e-04
1.578124999999716148e-04 1.578124999999716148e-04 1.578124999999716148e-04
1.609374999999636270e-04 1.609374999999636270e-04 1.609374999999636270e-04
1.640624999999637707e-04 1.640624999999637707e-04 1.640624999999637707e-04
1.671874999999591440e-04 1.671874999999591440e-04 1.671874999999591440e-04
1.703124999999657116e-04 1.703124999999657116e-04 1.703124999999657116e-04
1.734374999999576967e-04 1.734374999999576967e-04 1.734374999999576967e-04
1.765624999999638035e-04 1.765624999999638035e-04 1.765624999999638035e-04
1.796874999999635949e-04 1.796874999999635949e-04 1.796874999999635949e-04
1.828124999999590765e-04 1.828124999999590765e-04 1.828124999999590765e-04
1.859374999999649936e-04 1.859374999999649936e-04 1.859374999999649936e-04
1.890624999999577377e-04 1.890624999999577377e-04 1.890624999999577377e-04
1.921874999999640071e-04 1.921874999999640071e-04 1.921874999999640071e-04
1.953124999999632835e-04 1.953124999999632835e-04 1.953124999999632835e-04
1.984374999999553499e-04 1.984374999999553499e-04 1.984374999999553499e-04
2.015624999999650617e-04 2.015624999999650617e-04 2.015624999999650617e-04
2.046874999999578329e-04 2.046874999999578329e-04 2.046874999999578329e-04
2.078124999999642921e-04 2.078124999999642921e-04 2.078124999999642921e-04
2.109374999999625384e-04 2.109374999999625384e-04 2.109374999999625384e-04
2.140624999999552825e-04 2.140624999999552825e-04 2.140624999999552825e-04
2.171874999999651298e-04 2.171874999999651298e-04 2.171874999999651298e-04
2.203124999999579010e-04 2.203124999999579010e-04 2.203124999999579010e-04
2.234374999999559576e-04 2.234374999999559576e-04 2.234374999999559576e-04
2.265624999999625794e-04 2.265624999999625794e-04 2.265624999999625794e-04
2.296874999999552963e-04 2.296874999999552963e-04 2.296874999999552963e-04
2.328124999999651437e-04 2.328124999999651437e-04 2.328124999999651437e-04
2.359374999999575625e-04 2.359374999999575625e-04 2.359374999999575625e-04
2.390624999999555649e-04 2.390624999999555649e-04 2.390624999999555649e-04
2.421874999999623493e-04 2.421874999999623493e-04 2.421874999999623493e-04
2.453124999999550934e-04 2.453124999999550934e-04 2.453124999999550934e-04
2.484374999999619050e-04 2.484374999999619050e-04 2.484374999999619050e-04
2.515624999999577661e-04 2.515624999999577661e-04 2.515624999999577661e-04
2.546874999999551993e-04 2.546874999999551993e-04 2.546874999999551993e-04
2.578124999999620651e-04 2.578124999999620651e-04 2.578124999999620651e-04
2.609374999999547278e-04 2.609374999999547278e-04 2.609374999999547278e-04
2.640624999999620273e-04 2.640624999999620273e-04 2.640624999999620273e-04
2.671874999999576173e-04 2.671874999999576173e-04 2.671874999999576173e-04
2.703124999999549963e-04 2.703124999999549963e-04 2.703124999999549963e-04
2.734374999999477133e-04 2.734374999999477133e-04 2.734374999999477133e-04
2.765624999999547417e-04 2.765624999999547417e-04 2.765624999999547417e-04
2.796874999999619869e-04 2.796874999999619869e-04 2.796874999999619869e-04
2.828124999999578480e-04 2.828124999999578480e-04 2.828124999999578480e-04
2.859374999999542513e-04 2.859374999999542513e-04 2.859374999999542513e-04
2.890624999999475645e-04 2.890624999999475645e-04 2.890624999999475645e-04
2.921874999999547013e-04 2.921874999999547013e-04 2.921874999999547013e-04
2.953124999999621092e-04 2.953124999999621092e-04 2.953124999999621092e-04
2.984374999999550972e-04 2.984374999999550972e-04 2.984374999999550972e-04
3.015624999999538857e-04 3.015624999999538857e-04 3.015624999999538857e-04
3.046874999999472531e-04 3.046874999999472531e-04 3.046874999999472531e-04
3.078124999999547152e-04 3.078124999999547152e-04 3.078124999999547152e-04
3.109374999999618520e-04 3.109374999999618520e-04 3.109374999999618520e-04
3.140624999999554906e-04 3.140624999999554906e-04 3.140624999999554906e-04
3.171874999999534659e-04 3.171874999999534659e-04 3.171874999999534659e-04
3.203124999999471044e-04 3.203124999999471044e-04 3.203124999999471044e-04
3.234374999999543496e-04 3.234374999999543496e-04 3.234374999999543496e-04
3.265624999999620286e-04 3.265624999999620286e-04 3.265624999999620286e-04
3.296874999999554502e-04 3.296874999999554502e-04 3.296874999999554502e-04
3.328124999999533171e-04 3.328124999999533171e-04 3.328124999999533171e-04
3.359374999999465762e-04 3.359374999999465762e-04 3.359374999999465762e-04
3.390624999999543093e-04 3.390624999999543093e-04 3.390624999999543093e-04
3.421874999999621508e-04 3.421874999999621508e-04 3.421874999999621508e-04
3.453124999999558436e-04 3.453124999999558436e-04 3.453124999999558436e-04
3.484374999999507831e-04 3.484374999999507831e-04 3.484374999999507831e-04
3.515624999999464274e-04 3.515624999999464274e-04 3.515624999999464274e-04
3.546874999999543232e-04 3.546874999999543232e-04 3.546874999999543232e-04
3.578124999999623274e-04 3.578124999999623274e-04 3.578124999999623274e-04
3.609374999999557490e-04 3.609374999999557490e-04 3.609374999999557490e-04
3.640624999999505259e-04 3.640624999999505259e-04 3.640624999999505259e-04
3.671874999999460618e-04 3.671874999999460618e-04 3.671874999999460618e-04
3.703124999999543370e-04 3.703124999999543370e-04 3.703124999999543370e-04
3.734374999999477045e-04 3.734374999999477045e-04 3.734374999999477045e-04
3.765624999999561424e-04 3.765624999999561424e-04 3.765624999999561424e-04
3.796874999999503230e-04 3.796874999999503230e-04 3.796874999999503230e-04
3.828124999999459131e-04 3.828124999999459131e-04 3.828124999999459131e-04
3.859374999999539715e-04 3.859374999999539715e-04 3.859374999999539715e-04
3.890624999999480436e-04 3.890624999999480436e-04 3.890624999999480436e-04
3.921874999999563189e-04 3.921874999999563189e-04 3.921874999999563189e-04
3.953124999999502827e-04 3.953124999999502827e-04 3.953124999999502827e-04
3.984374999999439212e-04 3.984374999999439212e-04 3.984374999999439212e-04
4.015624999999539311e-04 4.015624999999539311e-04 4.015624999999539311e-04
4.046874999999478407e-04 4.046874999999478407e-04 4.046874999999478407e-04
4.078124999999564954e-04 4.078124999999564954e-04 4.078124999999564954e-04
4.109374999999495918e-04 4.109374999999495918e-04 4.109374999999495918e-04
4.140624999999439350e-04 4.140624999999439350e-04 4.140624999999439350e-04
4.171874999999537824e-04 4.171874999999537824e-04 4.171874999999537824e-04
4.203124999999480714e-04 4.203124999999480714e-04 4.203124999999480714e-04
4.234374999999408968e-04 4.234374999999408968e-04 4.234374999999408968e-04
4.265624999999495515e-04 4.265624999999495515e-04 4.265624999999495515e-04
4.296874999999437321e-04 4.296874999999437321e-04 4.296874999999437321e-04
4.328124999999537420e-04 4.328124999999537420e-04 4.328124999999537420e-04
4.359374999999478684e-04 4.359374999999478684e-04 4.359374999999478684e-04
4.390624999999404770e-04 4.390624999999404770e-04 4.390624999999404770e-04
4.421874999999491317e-04 4.421874999999491317e-04 4.421874999999491317e-04
4.453124999999437460e-04 4.453124999999437460e-04 4.453124999999437460e-04
4.484374999999524549e-04 4.484374999999524549e-04 4.484374999999524549e-04
4.515624999999480992e-04 4.515624999999480992e-04 4.515624999999480992e-04
4.546874999999400572e-04 4.546874999999400572e-04 4.546874999999400572e-04
4.578124999999489287e-04 4.578124999999489287e-04 4.578124999999489287e-04
4.609374999999433262e-04 4.609374999999433262e-04 4.609374999999433262e-04
4.640624999999524145e-04 4.640624999999524145e-04 4.640624999999524145e-04
4.671874999999483841e-04 4.671874999999483841e-04 4.671874999999483841e-04
4.703124999999398542e-04 4.703124999999398542e-04 4.703124999999398542e-04
4.734374999999344143e-04 4.734374999999344143e-04 4.734374999999344143e-04
4.765624999999433400e-04 4.765624999999433400e-04 4.765624999999433400e-04
4.796874999999522658e-04 4.796874999999522658e-04 4.796874999999522658e-04
4.828124999999485606e-04 4.828124999999485606e-04 4.828124999999485606e-04
4.859374999999390007e-04 4.859374999999390007e-04 4.859374999999390007e-04
4.890624999999344281e-04 4.890624999999344281e-04 4.890624999999344281e-04
4.921874999999432997e-04 4.921874999999432997e-04 4.921874999999432997e-04
4.953124999999522797e-04 4.953124999999522797e-04 4.953124999999522797e-04
4.984374999999474903e-04 4.984374999999474903e-04 4.984374999999474903e-04
5.015624999999387977e-04 5.015624999999387977e-04 5.015624999999387977e-04
5.046874999999344420e-04 5.046874999999344420e-04 5.046874999999344420e-04
5.078124999999433136e-04 5.078124999999433136e-04 5.078124999999433136e-04
5.109374999999520767e-04 5.109374999999520767e-04 5.109374999999520767e-04
5.140624999999479378e-04 5.140624999999479378e-04 5.140624999999479378e-04
5.171874999999383779e-04 5.171874999999383779e-04 5.171874999999383779e-04
5.203124999999342391e-04 5.203124999999342391e-04 5.203124999999342391e-04
5.234374999999430022e-04 5.234374999999430022e-04 5.234374999999430022e-04
5.265624999999518737e-04 5.265624999999518737e-04 5.265624999999518737e-04
5.296874999999481685e-04 5.296874999999481685e-04 5.296874999999481685e-04
5.328124999999380666e-04 5.328124999999380666e-04 5.328124999999380666e-04
5.359374999999340361e-04 5.359374999999340361e-04 5.359374999999340361e-04
5.390624999999430161e-04 5.390624999999430161e-04 5.390624999999430161e-04
5.421874999999518876e-04 5.421874999999518876e-04 5.421874999999518876e-04
5.453124999999485077e-04 5.453124999999485077e-04 5.453124999999485077e-04
5.484374999999362373e-04 5.484374999999362373e-04 5.484374999999362373e-04
5.515624999999338331e-04 5.515624999999338331e-04 5.515624999999338331e-04
5.546874999999429215e-04 5.546874999999429215e-04 5.546874999999429215e-04
5.578124999999519015e-04 5.578124999999519015e-04 5.578124999999519015e-04
5.609374999999484131e-04 5.609374999999484131e-04 5.609374999999484131e-04
5.640624999999359259e-04 5.640624999999359259e-04 5.640624999999359259e-04
5.671874999999338470e-04 5.671874999999338470e-04 5.671874999999338470e-04
5.703124999999429354e-04 5.703124999999429354e-04 5.703124999999429354e-04
5.734374999999397723e-04 5.734374999999397723e-04 5.734374999999397723e-04
5.765624999999488607e-04 5.765624999999488607e-04 5.765624999999488607e-04
5.796874999999355061e-04 5.796874999999355061e-04 5.796874999999355061e-04
5.828124999999338609e-04 5.828124999999338609e-04 5.828124999999338609e-04
5.859374999999426240e-04 5.859374999999426240e-04 5.859374999999426240e-04
5.890624999999402199e-04 5.890624999999402199e-04 5.890624999999402199e-04
5.921874999999490914e-04 5.921874999999490914e-04 5.921874999999490914e-04
5.953124999999351947e-04 5.953124999999351947e-04 5.953124999999351947e-04
5.984374999999325737e-04 5.984374999999325737e-04 5.984374999999325737e-04
6.015624999999426379e-04 6.015624999999426379e-04 6.015624999999426379e-04
6.046874999999403422e-04 6.046874999999403422e-04 6.046874999999403422e-04
6.078124999999333844e-04 6.078124999999333844e-04 6.078124999999333844e-04
6.109374999999343412e-04 6.109374999999343412e-04 6.109374999999343412e-04
6.140624999999325876e-04 6.140624999999325876e-04 6.140624999999325876e-04
6.171874999999424349e-04 6.171874999999424349e-04 6.171874999999424349e-04
6.203124999999407897e-04 6.203124999999407897e-04 6.203124999999407897e-04
6.234374999999251583e-04 6.234374999999251583e-04 6.234374999999251583e-04
6.265624999999339214e-04 6.265624999999339214e-04 6.265624999999339214e-04
6.296874999999323846e-04 6.296874999999323846e-04 6.296874999999323846e-04
6.328124999999424488e-04 6.328124999999424488e-04 6.328124999999424488e-04
6.359374999999408036e-04 6.359374999999408036e-04 6.359374999999408036e-04
6.390624999999246301e-04 6.390624999999246301e-04 6.390624999999246301e-04
6.421874999999337185e-04 6.421874999999337185e-04 6.421874999999337185e-04
6.453124999999323985e-04 6.453124999999323985e-04 6.453124999999323985e-04
6.484374999999412701e-04 6.484374999999412701e-04 6.484374999999412701e-04
6.515624999999410343e-04 6.515624999999410343e-04 6.515624999999410343e-04
6.546874999999241019e-04 6.546874999999241019e-04 6.546874999999241019e-04
6.578124999999279861e-04 6.578124999999279861e-04 6.578124999999279861e-04
6.609374999999319787e-04 6.609374999999319787e-04 6.609374999999319787e-04
6.640624999999410671e-04 6.640624999999410671e-04 6.640624999999410671e-04
6.671874999999414819e-04 6.671874999999414819e-04 6.671874999999414819e-04
6.703124999999237905e-04 6.703124999999237905e-04 6.703124999999237905e-04
6.734374999999229042e-04 6.734374999999229042e-04 6.734374999999229042e-04
6.765624999999319926e-04 6.765624999999319926e-04 6.765624999999319926e-04
6.796874999999410810e-04 6.796874999999410810e-04 6.796874999999410810e-04
6.828124999999417126e-04 6.828124999999417126e-04 6.828124999999417126e-04
6.859374999999230454e-04 6.859374999999230454e-04 6.859374999999230454e-04
6.890624999999229181e-04 6.890624999999229181e-04 6.890624999999229181e-04
6.921874999999320065e-04 6.921874999999320065e-04 6.921874999999320065e-04
6.953124999999410949e-04 6.953124999999410949e-04 6.953124999999410949e-04
6.984374999999409675e-04 6.984374999999409675e-04 6.984374999999409675e-04
7.015624999999225172e-04 7.015624999999225172e-04 7.015624999999225172e-04
7.046874999999229320e-04 7.046874999999229320e-04 7.046874999999229320e-04
7.078124999999320204e-04 7.078124999999320204e-04 7.078124999999320204e-04
7.109374999999406751e-04 7.109374999999406751e-04 7.109374999999406751e-04
7.140624999999413067e-04 7.140624999999413067e-04 7.140624999999413067e-04
7.171874999999220974e-04 7.171874999999220974e-04 7.171874999999220974e-04
7.203124999999227290e-04 7.203124999999227290e-04 7.203124999999227290e-04
7.234374999999316005e-04 7.234374999999316005e-04 7.234374999999316005e-04
7.265624999999409058e-04 7.265624999999409058e-04 7.265624999999409058e-04
7.296874999999417542e-04 7.296874999999417542e-04 7.296874999999417542e-04
7.328124999999217860e-04 7.328124999999217860e-04 7.328124999999217860e-04
7.359374999999225260e-04 7.359374999999225260e-04 7.359374999999225260e-04
7.390624999999316144e-04 7.390624999999316144e-04 7.390624999999316144e-04
7.421874999999407028e-04 7.421874999999407028e-04 7.421874999999407028e-04
7.453124999999420934e-04 7.453124999999420934e-04 7.453124999999420934e-04
7.484374999999198483e-04 7.484374999999198483e-04 7.484374999999198483e-04
7.515624999999225399e-04 7.515624999999225399e-04 7.515624999999225399e-04
7.546874999999316283e-04 7.546874999999316283e-04 7.546874999999316283e-04
7.578124999999407167e-04 7.578124999999407167e-04 7.578124999999407167e-04
7.609374999999423241e-04 7.609374999999423241e-04 7.609374999999423241e-04
7.640624999999194285e-04 7.640624999999194285e-04 7.640624999999194285e-04
7.671874999999223370e-04 7.671874999999223370e-04 7.671874999999223370e-04
7.703124999999316422e-04 7.703124999999316422e-04 7.703124999999316422e-04
7.734374999999335748e-04 7.734374999999335748e-04 7.734374999999335748e-04
7.765624999999427716e-04 7.765624999999427716e-04 7.765624999999427716e-04
7.796874999999190087e-04 7.796874999999190087e-04 7.796874999999190087e-04
7.828124999999223508e-04 7.828124999999223508e-04 7.828124999999223508e-04
7.859374999999312224e-04 7.859374999999312224e-04 7.859374999999312224e-04
7.890624999999339140e-04 7.890624999999339140e-04 7.890624999999339140e-04
7.921874999999431108e-04 7.921874999999431108e-04 7.921874999999431108e-04
7.953124999999184805e-04 7.953124999999184805e-04 7.953124999999184805e-04
7.984374999999209552e-04 7.984374999999209552e-04 7.984374999999209552e-04
8.015624999999312363e-04 8.015624999999312363e-04 8.015624999999312363e-04
8.046874999999344700e-04 8.046874999999344700e-04 8.046874999999344700e-04
8.078124999999436668e-04 8.078124999999436668e-04 8.078124999999436668e-04
8.109374999999176270e-04 8.109374999999176270e-04 8.109374999999176270e-04
8.140624999999209691e-04 8.140624999999209691e-04 8.140624999999209691e-04
8.171874999999312501e-04 8.171874999999312501e-04 8.171874999999312501e-04
8.203124999999349175e-04 8.203124999999349175e-04 8.203124999999349175e-04
8.234374999999079020e-04 8.234374999999079020e-04 8.234374999999079020e-04
8.265624999999170988e-04 8.265624999999170988e-04 8.265624999999170988e-04
8.296874999999209830e-04 8.296874999999209830e-04 8.296874999999209830e-04
8.328124999999312640e-04 8.328124999999312640e-04 8.328124999999312640e-04
8.359374999999350398e-04 8.359374999999350398e-04 8.359374999999350398e-04
8.390624999999074822e-04 8.390624999999074822e-04 8.390624999999074822e-04
8.421874999999166790e-04 8.421874999999166790e-04 8.421874999999166790e-04
8.453124999999209969e-04 8.453124999999209969e-04 8.453124999999209969e-04
8.484374999999298684e-04 8.484374999999298684e-04 8.484374999999298684e-04
8.515624999999357042e-04 8.515624999999357042e-04 8.515624999999357042e-04
8.546874999999067371e-04 8.546874999999067371e-04 8.546874999999067371e-04
8.578124999999160423e-04 8.578124999999160423e-04 8.578124999999160423e-04
8.609374999999205771e-04 8.609374999999205771e-04 8.609374999999205771e-04
8.640624999999298823e-04 8.640624999999298823e-04 8.640624999999298823e-04
8.671874999999356097e-04 8.671874999999356097e-04 8.671874999999356097e-04
8.703124999999067510e-04 8.703124999999067510e-04 8.703124999999067510e-04
8.734374999999112857e-04 8.734374999999112857e-04 8.734374999999112857e-04
8.765624999999205910e-04 8.765624999999205910e-04 8.765624999999205910e-04
8.796874999999298962e-04 8.796874999999298962e-04 8.796874999999298962e-04
8.828124999999356235e-04 8.828124999999356235e-04 8.828124999999356235e-04
8.859374999999064396e-04 8.859374999999064396e-04 8.859374999999064396e-04
8.890624999999112996e-04 8.890624999999112996e-04 8.890624999999112996e-04
8.921874999999206048e-04 8.921874999999206048e-04 8.921874999999206048e-04
8.953124999999299101e-04 8.953124999999299101e-04 8.953124999999299101e-04
8.984374999999346616e-04 8.984374999999346616e-04 8.984374999999346616e-04
9.015624999999063451e-04 9.015624999999063451e-04 9.015624999999063451e-04
9.046874999999113135e-04 9.046874999999113135e-04 9.046874999999113135e-04
9.078124999999206187e-04 9.078124999999206187e-04 9.078124999999206187e-04
9.109374999999294903e-04 9.109374999999294903e-04 9.109374999999294903e-04
9.140624999999346755e-04 9.140624999999346755e-04 9.140624999999346755e-04
9.171874999999062505e-04 9.171874999999062505e-04 9.171874999999062505e-04
9.203124999999113274e-04 9.203124999999113274e-04 9.203124999999113274e-04
9.234374999999201989e-04 9.234374999999201989e-04 9.234374999999201989e-04
9.265624999999297210e-04 9.265624999999297210e-04 9.265624999999297210e-04
9.296874999999345810e-04 9.296874999999345810e-04 9.296874999999345810e-04
9.328124999999061560e-04 9.328124999999061560e-04 9.328124999999061560e-04
9.359374999999109076e-04 9.359374999999109076e-04 9.359374999999109076e-04
9.390624999999202128e-04 9.390624999999202128e-04 9.390624999999202128e-04
9.421874999999295180e-04 9.421874999999295180e-04 9.421874999999295180e-04
9.453124999999345949e-04 9.453124999999345949e-04 9.453124999999345949e-04
9.484374999999050856e-04 9.484374999999050856e-04 9.484374999999050856e-04
9.515624999999109214e-04 9.515624999999109214e-04 9.515624999999109214e-04
9.546874999999202267e-04 9.546874999999202267e-04 9.546874999999202267e-04
9.578124999999295319e-04 9.578124999999295319e-04 9.578124999999295319e-04
9.609374999999343919e-04 9.609374999999343919e-04 9.609374999999343919e-04
9.640624999999048827e-04 9.640624999999048827e-04 9.640624999999048827e-04
9.671874999999107185e-04 9.671874999999107185e-04 9.671874999999107185e-04
9.703124999999202405e-04 9.703124999999202405e-04 9.703124999999202405e-04
9.734374999999249921e-04 9.734374999999249921e-04 9.734374999999249921e-04
9.765624999999344058e-04 9.765624999999344058e-04 9.765624999999344058e-04
9.796874999999048966e-04 9.796874999999048966e-04 9.796874999999048966e-04
9.828124999999108408e-04 9.828124999999108408e-04 9.828124999999108408e-04
9.859374999999198207e-04 9.859374999999198207e-04 9.859374999999198207e-04
9.890624999999251144e-04 9.890624999999251144e-04 9.890624999999251144e-04
9.921874999999345281e-04 9.921874999999345281e-04 9.921874999999345281e-04
9.953124999999046936e-04 9.953124999999046936e-04 9.953124999999046936e-04
9.984374999999095536e-04 9.984374999999095536e-04 9.984374999999095536e-04
1.001562499999919835e-03 1.001562499999919835e-03 1.001562499999919835e-03
1.004687499999924911e-03 1.004687499999924911e-03 1.004687499999924911e-03
1.007812499999905919e-03 1.007812499999905919e-03 1.007812499999905919e-03
1.010937499999904274e-03 1.010937499999904274e-03 1.010937499999904274e-03
1.014062499999909567e-03 1.014062499999909567e-03 1.014062499999909567e-03
1.017187499999919848e-03 1.017187499999919848e-03 1.017187499999919848e-03
1.020312499999925142e-03 1.020312499999925142e-03 1.020312499999925142e-03
1.023437499999895091e-03 1.023437499999895091e-03 1.023437499999895091e-03
1.026562499999904288e-03 1.026562499999904288e-03 1.026562499999904288e-03
1.029687499999909581e-03 1.029687499999909581e-03 1.029687499999909581e-03
1.032812499999919862e-03 1.032812499999919862e-03 1.032812499999919862e-03
1.035937499999924722e-03 1.035937499999924722e-03 1.035937499999924722e-03
1.039062499999895105e-03 1.039062499999895105e-03 1.039062499999895105e-03
1.042187499999904302e-03 1.042187499999904302e-03 1.042187499999904302e-03
1.045312499999909595e-03 1.045312499999909595e-03 1.045312499999909595e-03
1.048437499999918792e-03 1.048437499999918792e-03 1.048437499999918792e-03
1.051562499999924736e-03 1.051562499999924736e-03 1.051562499999924736e-03
1.054687499999894902e-03 1.054687499999894902e-03 1.054687499999894902e-03
1.057812499999904315e-03 1.057812499999904315e-03 1.057812499999904315e-03
1.060937499999909175e-03 1.060937499999909175e-03 1.060937499999909175e-03
1.064062499999918806e-03 1.064062499999918806e-03 1.064062499999918806e-03
1.067187499999924750e-03 1.067187499999924750e-03 1.067187499999924750e-03
1.070312499999894916e-03 1.070312499999894916e-03 1.070312499999894916e-03
1.073437499999899776e-03 1.073437499999899776e-03 1.073437499999899776e-03
1.076562499999909189e-03 1.076562499999909189e-03 1.076562499999909189e-03
1.079687499999918820e-03 1.079687499999918820e-03 1.079687499999918820e-03
1.082812499999924764e-03 1.082812499999924764e-03 1.082812499999924764e-03
1.085937499999894496e-03 1.085937499999894496e-03 1.085937499999894496e-03
1.089062499999899790e-03 1.089062499999899790e-03 1.089062499999899790e-03
1.092187499999909203e-03 1.092187499999909203e-03 1.092187499999909203e-03
1.095312499999918617e-03 1.095312499999918617e-03 1.095312499999918617e-03
1.098437499999923911e-03 1.098437499999923911e-03 1.098437499999923911e-03
1.101562499999894510e-03 1.101562499999894510e-03 1.101562499999894510e-03
1.104687499999899803e-03 1.104687499999899803e-03 1.104687499999899803e-03
1.107812499999909217e-03 1.107812499999909217e-03 1.107812499999909217e-03
1.110937499999918414e-03 1.110937499999918414e-03 1.110937499999918414e-03
1.114062499999923924e-03 1.114062499999923924e-03 1.114062499999923924e-03
1.117187499999894307e-03 1.117187499999894307e-03 1.117187499999894307e-03
1.120312499999899817e-03 1.120312499999899817e-03 1.120312499999899817e-03
1.123437499999908797e-03 1.123437499999908797e-03 1.123437499999908797e-03
1.126562499999918428e-03 1.126562499999918428e-03 1.126562499999918428e-03
1.129687499999923721e-03 1.129687499999923721e-03 1.129687499999923721e-03
1.132812499999894321e-03 1.132812499999894321e-03 1.132812499999894321e-03
1.135937499999899397e-03 1.135937499999899397e-03 1.135937499999899397e-03
1.139062499999908811e-03 1.139062499999908811e-03 1.139062499999908811e-03
1.142187499999918442e-03 1.142187499999918442e-03 1.142187499999918442e-03
1.145312499999923735e-03 1.145312499999923735e-03 1.145312499999923735e-03
1.148437499999893033e-03 1.148437499999893033e-03 1.148437499999893033e-03
1.151562499999899411e-03 1.151562499999899411e-03 1.151562499999899411e-03
1.154687499999908825e-03 1.154687499999908825e-03 1.154687499999908825e-03
1.157812499999918239e-03 1.157812499999918239e-03 1.157812499999918239e-03
1.160937499999923532e-03 1.160937499999923532e-03 1.160937499999923532e-03
1.164062499999893047e-03 1.164062499999893047e-03 1.164062499999893047e-03
1.167187499999899425e-03 1.167187499999899425e-03 1.167187499999899425e-03
1.170312499999908839e-03 1.170312499999908839e-03 1.170312499999908839e-03
1.173437499999914133e-03 1.173437499999914133e-03 1.173437499999914133e-03
1.176562499999923546e-03 1.176562499999923546e-03 1.176562499999923546e-03
1.179687499999892844e-03 1.179687499999892844e-03 1.179687499999892844e-03
1.182812499999899439e-03 1.182812499999899439e-03 1.182812499999899439e-03
1.185937499999908636e-03 1.185937499999908636e-03 1.185937499999908636e-03
1.189062499999914146e-03 1.189062499999914146e-03 1.189062499999914146e-03
1.192187499999923560e-03 1.192187499999923560e-03 1.192187499999923560e-03
1.195312499999892858e-03 1.195312499999892858e-03 1.195312499999892858e-03
1.198437499999898152e-03 1.198437499999898152e-03 1.198437499999898152e-03
1.201562499999908433e-03 1.201562499999908433e-03 1.201562499999908433e-03
1.204687499999914160e-03 1.204687499999914160e-03 1.204687499999914160e-03
1.207812499999923357e-03 1.207812499999923357e-03 1.207812499999923357e-03
1.210937499999892655e-03 1.210937499999892655e-03 1.210937499999892655e-03
1.214062499999898166e-03 1.214062499999898166e-03 1.214062499999898166e-03
1.217187499999908447e-03 1.217187499999908447e-03 1.217187499999908447e-03
1.220312499999914174e-03 1.220312499999914174e-03 1.220312499999914174e-03
1.223437499999883039e-03 1.223437499999883039e-03 1.223437499999883039e-03
1.226562499999892669e-03 1.226562499999892669e-03 1.226562499999892669e-03
1.229687499999898180e-03 1.229687499999898180e-03 1.229687499999898180e-03
1.232812499999908461e-03 1.232812499999908461e-03 1.232812499999908461e-03
1.235937499999913971e-03 1.235937499999913971e-03 1.235937499999913971e-03
1.239062499999882836e-03 1.239062499999882836e-03 1.239062499999882836e-03
1.242187499999892466e-03 1.242187499999892466e-03 1.242187499999892466e-03
1.245312499999897977e-03 1.245312499999897977e-03 1.245312499999897977e-03
1.248437499999907607e-03 1.248437499999907607e-03 1.248437499999907607e-03
1.251562499999913985e-03 1.251562499999913985e-03 1.251562499999913985e-03
1.254687499999882850e-03 1.254687499999882850e-03 1.254687499999882850e-03
1.257812499999892480e-03 1.257812499999892480e-03 1.257812499999892480e-03
1.260937499999897774e-03 1.260937499999897774e-03 1.260937499999897774e-03
1.264062499999907621e-03 1.264062499999907621e-03 1.264062499999907621e-03
1.267187499999913782e-03 1.267187499999913782e-03 1.267187499999913782e-03
1.270312499999882647e-03 1.270312499999882647e-03 1.270312499999882647e-03
1.273437499999888374e-03 1.273437499999888374e-03 1.273437499999888374e-03
1.276562499999897788e-03 1.276562499999897788e-03 1.276562499999897788e-03
1.279687499999907418e-03 1.279687499999907418e-03 1.279687499999907418e-03
1.282812499999914013e-03 1.282812499999914013e-03 1.282812499999914013e-03
1.285937499999882444e-03 1.285937499999882444e-03 1.285937499999882444e-03
1.289062499999888388e-03 1.289062499999888388e-03 1.289062499999888388e-03
1.292187499999897802e-03 1.292187499999897802e-03 1.292187499999897802e-03
1.295312499999907432e-03 1.295312499999907432e-03 1.295312499999907432e-03
1.298437499999912943e-03 1.298437499999912943e-03 1.298437499999912943e-03
1.301562499999882458e-03 1.301562499999882458e-03 1.301562499999882458e-03
1.304687499999888185e-03 1.304687499999888185e-03 1.304687499999888185e-03
1.307812499999897815e-03 1.307812499999897815e-03 1.307812499999897815e-03
1.310937499999907229e-03 1.310937499999907229e-03 1.310937499999907229e-03
1.314062499999912956e-03 1.314062499999912956e-03 1.314062499999912956e-03
1.317187499999882255e-03 1.317187499999882255e-03 1.317187499999882255e-03
1.320312499999888199e-03 1.320312499999888199e-03 1.320312499999888199e-03
1.323437499999897396e-03 1.323437499999897396e-03 1.323437499999897396e-03
1.326562499999907243e-03 1.326562499999907243e-03 1.326562499999907243e-03
1.329687499999912753e-03 1.329687499999912753e-03 1.329687499999912753e-03
1.332812499999882268e-03 1.332812499999882268e-03 1.332812499999882268e-03
1.335937499999887996e-03 1.335937499999887996e-03 1.335937499999887996e-03
1.339062499999897409e-03 1.339062499999897409e-03 1.339062499999897409e-03
1.342187499999907257e-03 1.342187499999907257e-03 1.342187499999907257e-03
1.345312499999912984e-03 1.345312499999912984e-03 1.345312499999912984e-03
1.348437499999881198e-03 1.348437499999881198e-03 1.348437499999881198e-03
1.351562499999888010e-03 1.351562499999888010e-03 1.351562499999888010e-03
1.354687499999897423e-03 1.354687499999897423e-03 1.354687499999897423e-03
1.357812499999907054e-03 1.357812499999907054e-03 1.357812499999907054e-03
1.360937499999912781e-03 1.360937499999912781e-03 1.360937499999912781e-03
1.364062499999881212e-03 1.364062499999881212e-03 1.364062499999881212e-03
1.367187499999887807e-03 1.367187499999887807e-03 1.367187499999887807e-03
1.370312499999897437e-03 1.370312499999897437e-03 1.370312499999897437e-03
1.373437499999903165e-03 1.373437499999903165e-03 1.373437499999903165e-03
1.376562499999912578e-03 1.376562499999912578e-03 1.376562499999912578e-03
1.379687499999881226e-03 1.379687499999881226e-03 1.379687499999881226e-03
